Input given by professor:
003020600
900305001
001806400
008102900
700000008
006708200
002609500
800203009
005010300




Easy: 

700030004
620480150
040015307
050000020
060103070
080000030
206540090
074062013
500070002


 

Easy: 

003080020
400009706
960400010
205890601
000000000
806034209
040002058
509300002
080010400
 

 

Medium: 

000080201
100000530
005721009
000500010
090030050
030006000
900172600
063000007
207040000
 


Medium: 

000001003
080003010
001006047
500408730
010000050
079605008
840100600
090300070
100900000

 


Hard: 

100460000
005001007
204009005
020000030
403000102
050000040
500800204
700200300
000054001
 



Hard: 

010000053
000085020
000020009
030090701
000102000
104060080
600070000
020430000
870000030
 



Evil: 

002580610
000090000
300706800
570000000
080000070
000000036
008609004
000020000
095031700
 



Evil: 

000003054
000800000
000060230
702000003
900724008
100000709
027010000
000009000
680500000
 

 

 

  